[1] 183498      9
[1] TRUE
[1] 183498      7
start par. =  1 1 1 fn =  558134.3 
At return
eval:  66 fn:      518090.12 par: 0.134256 0.740596 0.667611
(NM) 20: f = 518090 at    0.134256    0.740596    0.667611    0.302436  0.00744446 -0.00905924  -0.0156344   -0.726434   -0.215412   0.0158274    0.905825     1.57661   -0.936621    -1.55126   0.0719581   -0.218671    -0.64396  -0.0354804
(NM) 40: f = 518087 at    0.134988    0.742383    0.669345    0.286875  0.00911774 -0.00738795  -0.0139664   -0.724755   -0.215039   0.0161955    0.907666     1.57868   -0.934842    -1.54923   0.0723411   -0.218376   -0.642094  -0.0305689
(NM) 60: f = 518087 at    0.133046    0.741576    0.668422    0.288779   0.0111588 -0.00594868  -0.0131945   -0.725547   -0.215031   0.0167632    0.904674      1.5697   -0.936654    -1.55625   0.0733144   -0.217689   -0.655696 -0.00872663
(NM) 80: f = 518085 at    0.135221    0.742691    0.669738    0.268751  0.00891247 -0.00582422  -0.0141085   -0.728095   -0.214388    0.016624    0.905275     1.57378   -0.934211    -1.55616   0.0771505   -0.217516   -0.650046  -0.0180819
(NM) 100: f = 518085 at    0.134082    0.742248    0.669558    0.268936  0.00795515 -0.00563731  -0.0140579   -0.728771   -0.214745   0.0165026    0.906486     1.57208   -0.932658    -1.55562   0.0739721   -0.217595   -0.648693 -0.00295155
(NM) 120: f = 518085 at     0.136147      0.74194     0.669004     0.263759   0.00867826 -0.000252545   -0.0119078    -0.728749    -0.214711     0.016442     0.906246      1.57771     -0.93398     -1.55028    0.0740096    -0.217658    -0.644803   -0.0186714
(NM) 140: f = 518085 at    0.135391    0.740093    0.666984    0.272968   0.0104698 0.000597292  -0.0122478   -0.730019   -0.215018   0.0168913    0.901893     1.57254   -0.938349    -1.55309   0.0716501   -0.217613   -0.635706  -0.0128802
(NM) 160: f = 518085 at     0.134978     0.741183      0.66935     0.267355    0.0115202 -0.000272028   -0.0119424    -0.733814    -0.215169    0.0168116     0.904026      1.57572    -0.935177      -1.5547    0.0734332    -0.217685    -0.641646 -0.000283316
(NM) 180: f = 518085 at    0.136585    0.739905    0.667447    0.264312   0.0118184 0.000427371  -0.0120746   -0.731528   -0.215251   0.0167697    0.902691     1.58067   -0.936477    -1.55481   0.0742345   -0.217751   -0.640057  -0.0156795
(NM) 200: f = 518085 at    0.135435    0.740879     0.66838    0.266566   0.0110622 -0.00163217    -0.01296   -0.731752   -0.215348   0.0166574    0.902347     1.57774   -0.936545    -1.55338   0.0735068    -0.21776   -0.640846 -0.00406663
(NM) 220: f = 518085 at    0.134834    0.739842    0.667022    0.270329   0.0122787 0.000481712  -0.0116502   -0.733021   -0.215557   0.0167245    0.902819     1.57615   -0.937609    -1.55367   0.0726337   -0.217766   -0.637257 -0.00913576
(NM) 240: f = 518085 at     0.135135     0.740443     0.667444     0.265576    0.0124566 -0.000766788   -0.0113014    -0.733213    -0.215178    0.0169362     0.902224      1.57562    -0.934976      -1.5524     0.072588     -0.21764    -0.639729  -0.00809827
(NM) 260: f = 518085 at    0.134774    0.740336      0.6676    0.265872   0.0132466 0.000621687  -0.0106529   -0.736024   -0.215609    0.016607    0.901225     1.57959   -0.933934    -1.55279   0.0732691   -0.218036   -0.639646  -0.0088856
(NM) 280: f = 518085 at   0.135397   0.739895   0.666895   0.266904  0.0133369 0.00197488 -0.0113317  -0.734836  -0.215361  0.0167326   0.901602    1.57773  -0.934905    -1.5515  0.0725399  -0.218033  -0.638172 -0.0162003
(NM) 300: f = 518085 at   0.135043   0.740055   0.667023   0.264433  0.0141739 0.00116205 -0.0104364  -0.736826  -0.215344  0.0166919    0.90191    1.57929  -0.932384   -1.55259  0.0729081  -0.218127  -0.638916 -0.0178859
(NM) 320: f = 518085 at    0.134464    0.740269     0.66697    0.265667   0.0145988 0.000745457  -0.0102904   -0.737164   -0.215401   0.0166915    0.900912     1.57831   -0.932586    -1.55094   0.0727148   -0.218158   -0.638911  -0.0184381
(NM) 340: f = 518084 at     0.134724     0.740381     0.667004     0.264345    0.0145844 -0.000252248    -0.010062    -0.736372    -0.215195    0.0167402     0.902555      1.57779    -0.932117     -1.55135     0.072791    -0.218185     -0.64084   -0.0181688
(NM) 360: f = 518084 at    0.134766    0.740551    0.667074    0.266358    0.014774 0.000190582  -0.0104804   -0.736534    -0.21518    0.016651    0.901504     1.57858   -0.932683    -1.55123   0.0732287   -0.218278   -0.640218  -0.0266548
(NM) 380: f = 518084 at    0.134917    0.740308    0.666925    0.266508   0.0148581 0.000363067  -0.0102146   -0.736187   -0.215141   0.0166678    0.902279     1.57901   -0.933552    -1.55229   0.0730299   -0.218273   -0.640154  -0.0251223
(NM) 400: f = 518084 at    0.134398     0.74035    0.666959    0.265736   0.0159447  0.00046243 -0.00968675   -0.737893    -0.21509   0.0166551    0.901992     1.57808   -0.932177    -1.55083    0.072963   -0.218415   -0.640864  -0.0276925
(NM) 420: f = 518084 at     0.134712     0.740377     0.667161      0.26692     0.015925 -0.000440202   -0.0101412    -0.736437    -0.215019    0.0167872     0.901956      1.57751    -0.933937     -1.55164    0.0732862    -0.218383    -0.640818   -0.0278196
(NM) 440: f = 518084 at     0.134897     0.740225     0.667278     0.264703    0.0176042 -9.18777e-05  -0.00904683    -0.737517    -0.214753    0.0167466     0.903249      1.57723    -0.934291     -1.55127    0.0731605    -0.218649     -0.64201   -0.0303008
(NM) 460: f = 518084 at   0.134796   0.740304   0.667281   0.266593  0.0175012 0.00014335 -0.0100997  -0.737502  -0.214793  0.0167824   0.902153    1.57688  -0.934763   -1.55117  0.0729665  -0.218536  -0.640509 -0.0318897
(NM) 480: f = 518084 at     0.134683     0.740145     0.667579     0.266003    0.0181438 -1.59838e-05   -0.0098742    -0.737964    -0.214947    0.0168446     0.902535      1.57655    -0.935246     -1.55101    0.0727671    -0.218557    -0.640391   -0.0272947
(NM) 500: f = 518084 at    0.134831    0.740141    0.667406    0.265387   0.0189265 0.000225463  -0.0093623   -0.738728   -0.214808   0.0168641    0.902412     1.57758   -0.935433     -1.5508   0.0727135   -0.218722   -0.640373  -0.0335445
(NM) 520: f = 518084 at     0.134704     0.740196     0.667472     0.267023    0.0182378 -0.000574016  -0.00968993    -0.737724    -0.214868    0.0169172     0.902494      1.57695    -0.935643     -1.55181    0.0728879    -0.218634    -0.640872   -0.0303683
(NM) 540: f = 518084 at     0.134961     0.739937     0.667527     0.265697    0.0190054 -8.55211e-05  -0.00923152    -0.738573    -0.214791    0.0168973     0.902961      1.57746    -0.935863     -1.55192    0.0727547    -0.218784    -0.640722   -0.0320249
(NM) 560: f = 518084 at     0.134848     0.740188     0.667886     0.266065    0.0188242 -0.000121324  -0.00899857    -0.738682    -0.214842    0.0168905     0.903178       1.5784    -0.936738     -1.55298     0.072709    -0.218875    -0.641466   -0.0302083
(NM) 580: f = 518084 at       0.1349     0.740175     0.667979     0.266292      0.01904 -0.000194527  -0.00852113    -0.739028    -0.214803     0.016936     0.903457      1.57888    -0.937289     -1.55375    0.0726588    -0.218975    -0.641705   -0.0300804
(NM) 600: f = 518084 at     0.134934     0.740185     0.667885     0.266853    0.0180317 -0.000102317   -0.0084377    -0.738916    -0.214928    0.0168355     0.903167      1.58014    -0.937279     -1.55446     0.072429    -0.218931    -0.641191   -0.0266138
(NM) 620: f = 518084 at     0.135202     0.740121      0.66797     0.266144    0.0183792 -0.000461021  -0.00827938    -0.738487    -0.214836    0.0168972     0.903956      1.57949    -0.937393     -1.55397    0.0725116    -0.218976    -0.641657    -0.030369
(NM) 640: f = 518084 at     0.134897     0.740255     0.667882     0.266633     0.018257 -0.000539342  -0.00810101    -0.739089    -0.214876     0.016852     0.903789      1.57966     -0.93695     -1.55468    0.0724894    -0.219034    -0.641584   -0.0282151
(NM) 660: f = 518084 at    0.135266     0.74018    0.667781    0.265895   0.0174138  -0.0005026 -0.00745602   -0.738503    -0.21485   0.0168027    0.904579     1.58041   -0.936971    -1.55503   0.0723523   -0.219109   -0.641799     -0.0273
(NM) 680: f = 518084 at    0.135177    0.740318    0.667718    0.266834   0.0170324 -0.00094454 -0.00719422   -0.738518   -0.214812   0.0167559      0.9047     1.58043   -0.937193    -1.55556   0.0723792    -0.21924    -0.64202  -0.0269138
(NM) 700: f = 518084 at     0.13505     0.74039    0.667842    0.266596   0.0173037 -0.00104627 -0.00687483   -0.739021   -0.214888   0.0167448    0.904995     1.58087   -0.937243    -1.55573   0.0722313   -0.219314   -0.642112  -0.0261748
(NM) 720: f = 518084 at     0.135018     0.740296      0.66776     0.266901    0.0171605 -0.000769082  -0.00771102    -0.738494    -0.214922    0.0168018     0.904185       1.5802    -0.936925     -1.55503    0.0723757     -0.21906    -0.641593   -0.0271185
(NM) 740: f = 518084 at    0.135185    0.740295    0.667836    0.266787   0.0171677 -0.00104998 -0.00718149   -0.738531   -0.214841    0.016792    0.904932     1.58052   -0.937493    -1.55581    0.072219   -0.219218   -0.641938  -0.0273247
(NM) 760: f = 518084 at     0.13507    0.740232    0.667766    0.266751    0.017628 -0.00109887 -0.00705555   -0.738964   -0.214874   0.0168053    0.904891     1.58023   -0.937286    -1.55528   0.0721982    -0.21925   -0.641733  -0.0283248
(NM) 780: f = 518084 at    0.135024    0.740255    0.667823    0.266699   0.0176794 -0.00105263 -0.00716883   -0.739008   -0.214923    0.016809    0.904951     1.58019   -0.937417    -1.55541   0.0721778   -0.219261   -0.641708  -0.0279652
(NM) 800: f = 518084 at    0.135076    0.740372    0.667921    0.266952   0.0170138 -0.00104592 -0.00726788   -0.738619   -0.214984   0.0167542    0.904951     1.58072   -0.937691    -1.55572   0.0721321   -0.219232   -0.641783  -0.0268733
(NM) 820: f = 518084 at    0.134992    0.740337    0.667866    0.267391   0.0170901 -0.00140688 -0.00712167   -0.738619   -0.215019   0.0167842    0.905254     1.58009   -0.937842    -1.55535   0.0720037    -0.21927   -0.641519  -0.0298269
(NM) 840: f = 518084 at    0.134903    0.740383     0.66789    0.266962   0.0171796  -0.0012348 -0.00716067   -0.738864   -0.215112   0.0167469    0.905375     1.58008   -0.937739    -1.55526   0.0719888   -0.219314   -0.641456  -0.0289927
(NM) 860: f = 518084 at     0.13498    0.740409    0.667939    0.266746   0.0168466 -0.00108603 -0.00740691   -0.738509   -0.215141   0.0167515    0.905383     1.58016   -0.937739    -1.55527   0.0720662   -0.219269   -0.641581  -0.0293037
(NM) 880: f = 518084 at    0.135029    0.740377    0.667854    0.266792   0.0165856 -0.00106046 -0.00751645   -0.738064   -0.215197   0.0167274    0.905705     1.57948   -0.937952    -1.55484   0.0718901   -0.219276   -0.641171   -0.029918
(NM) 900: f = 518084 at    0.134981    0.740357    0.667745    0.266516   0.0168128 -0.00124611 -0.00747122   -0.738177   -0.215132    0.016727     0.90556     1.57925   -0.937425    -1.55429     0.07205   -0.219267   -0.641359  -0.0296566
(NM) 920: f = 518084 at    0.135086    0.740375    0.667782    0.267059   0.0161421 -0.00108288 -0.00778361   -0.737847   -0.215208   0.0167133    0.905369     1.57991   -0.937734    -1.55495   0.0720865   -0.219194   -0.641108  -0.0302045
(NM) 940: f = 518084 at    0.135132    0.740402    0.667884    0.266952   0.0160255   -0.001239 -0.00758986   -0.737659   -0.215226   0.0166973    0.905866     1.57983   -0.938278    -1.55498   0.0720421   -0.219282   -0.641281  -0.0311655
(NM) 960: f = 518084 at     0.135125     0.740395     0.667803     0.266671    0.0159628 -0.000959778  -0.00751697    -0.737847    -0.215272    0.0166632     0.905891      1.57999    -0.938225     -1.55474    0.0720882    -0.219342    -0.641398   -0.0302393
(NM) 980: f = 518084 at    0.135041    0.740419    0.667769    0.266769   0.0158861 -0.00103606 -0.00776146   -0.737825   -0.215349    0.016642    0.905913     1.57972   -0.938272    -1.55441   0.0721351   -0.219352   -0.641087  -0.0312737
(NM) 1000: f = 518084 at    0.135026    0.740414    0.667701    0.266769   0.0157769 -0.00108369 -0.00722557   -0.738229   -0.215356   0.0166053    0.906182     1.58022   -0.938328    -1.55466   0.0720768   -0.219481   -0.641325  -0.0304829
(NM) 1020: f = 518084 at    0.134996    0.740481     0.66778     0.26685   0.0158287 -0.00107734 -0.00701809   -0.738392   -0.215318   0.0165912    0.906332     1.58032   -0.938878    -1.55481   0.0721997   -0.219598    -0.64172  -0.0310465
(NM) 1040: f = 518084 at     0.134997     0.740376     0.667685     0.266799    0.0160165 -0.000880954  -0.00677986    -0.738826    -0.215313    0.0165757     0.906514      1.58049    -0.939086     -1.55502    0.0722918    -0.219708    -0.641763   -0.0306142
(NM) 1060: f = 518084 at     0.134988     0.740346     0.667533     0.266958     0.015886 -0.000875529  -0.00711528    -0.738536    -0.215322    0.0165547     0.906257      1.57981     -0.93864     -1.55425     0.072288    -0.219611    -0.641291   -0.0318239
(NM) 1080: f = 518084 at     0.134923     0.740433     0.667682     0.267045    0.0160407 -0.000938444  -0.00732808    -0.738424     -0.21528    0.0166009     0.906005      1.57973    -0.938665      -1.5545     0.072294    -0.219527    -0.641491   -0.0313108
(NM) 1100: f = 518084 at     0.135043     0.740397     0.667619     0.267013    0.0155897 -0.000699953   -0.0073341    -0.738134    -0.215336     0.016546     0.906402      1.57961    -0.939025     -1.55446    0.0722822    -0.219584    -0.641284   -0.0323111
(NM) 1120: f = 518084 at     0.134997     0.740412     0.667642      0.26723    0.0156734 -0.000701207  -0.00739938    -0.738253    -0.215325    0.0165362     0.906249      1.57967    -0.939332     -1.55436    0.0723746    -0.219617    -0.641396   -0.0321254
(NM) 1140: f = 518084 at     0.135015     0.740359     0.667633     0.267189    0.0158736 -0.000758161  -0.00714572    -0.738397    -0.215241    0.0165618     0.906326      1.57962     -0.93915     -1.55477     0.072311    -0.219611    -0.641444    -0.031967
(NM) 1160: f = 518084 at     0.134987     0.740394     0.667658     0.267272     0.015703 -0.000485549  -0.00745785    -0.738331    -0.215325    0.0165448     0.906206      1.57961    -0.939415     -1.55461    0.0723484    -0.219603    -0.641321   -0.0319896
(NM) 1180: f = 518084 at     0.134958      0.74043     0.667654      0.26742    0.0156161 -0.000477732  -0.00737355    -0.738444    -0.215323    0.0165205     0.906208      1.57975    -0.939459     -1.55478    0.0723326    -0.219637    -0.641364   -0.0316902
(NM) 1200: f = 518084 at     0.134984     0.740356     0.667622     0.267322     0.015766 -0.000401398  -0.00742866    -0.738467    -0.215282    0.0165427      0.90614       1.5796    -0.939286     -1.55491    0.0723732    -0.219595      -0.6413   -0.0315943
(NM) 1220: f = 518084 at     0.134996     0.740368     0.667633     0.267529    0.0155371 -0.000231326  -0.00759139    -0.738362    -0.215323    0.0165271      0.90604      1.57965    -0.939411     -1.55495    0.0722972    -0.219563     -0.64109   -0.0317288
(NM) 1240: f = 518084 at     0.135014     0.740302     0.667601     0.267587    0.0154231 -3.56666e-05  -0.00764275    -0.738453     -0.21533    0.0165086     0.906011      1.57971    -0.939448     -1.55534     0.072289    -0.219554    -0.640947    -0.031308
(NM) 1260: f = 518084 at     0.135014     0.740302     0.667601     0.267587    0.0154231 -3.56666e-05  -0.00764275    -0.738453     -0.21533    0.0165086     0.906011      1.57971    -0.939448     -1.55534     0.072289    -0.219554    -0.640947    -0.031308
(NM) 1280: f = 518084 at     0.134944     0.740346      0.66762     0.267757    0.0154393 -6.35373e-06  -0.00762508     -0.73859    -0.215329    0.0164996     0.905977      1.57969    -0.939661     -1.55539     0.072342    -0.219592    -0.641064   -0.0314334
(NM) 1300: f = 518084 at      0.13496     0.740325     0.667607     0.267692    0.0154319 -0.000187513  -0.00757844     -0.73849    -0.215335    0.0165098     0.906099      1.57959    -0.939501     -1.55537    0.0722913    -0.219576    -0.640999   -0.0318249
(NM) 1320: f = 518084 at     0.134955     0.740349     0.667651      0.26784    0.0153692 -0.000118346  -0.00755296    -0.738583    -0.215332     0.016494     0.906074      1.57983    -0.939834     -1.55558    0.0723709    -0.219618    -0.641146   -0.0319844
(NM) 1340: f = 518084 at     0.134888     0.740358     0.667598     0.268126    0.0149704 -0.000215886  -0.00748944    -0.738721    -0.215407    0.0164423     0.906092      1.58014    -0.939793     -1.55587    0.0722875    -0.219638    -0.641035   -0.0313615
(NM) 1360: f = 518084 at    0.134927    0.740322     0.66764    0.267939   0.0151801 -0.00054729 -0.00746936   -0.738557   -0.215383   0.0164852    0.906206        1.58   -0.939685    -1.55572    0.072323   -0.219607   -0.641089  -0.0325418
(NM) 1380: f = 518084 at    0.134917    0.740281    0.667668    0.268202   0.0148308   -0.001018 -0.00755706   -0.738389   -0.215445   0.0164563    0.906313     1.58018   -0.939838    -1.55601   0.0723815   -0.219595   -0.641054  -0.0339585
(NM) 1400: f = 518084 at    0.134887    0.740188    0.667588    0.268603    0.014413 -0.00102958 -0.00755697   -0.738637   -0.215511   0.0164074     0.90623     1.58062    -0.93986    -1.55664   0.0723863   -0.219598   -0.640804  -0.0344553
(NM) 1420: f = 518084 at     0.134873     0.740224     0.667644     0.268623    0.0144312 -0.000978578  -0.00767093    -0.738604    -0.215517    0.0164056     0.906059      1.58073    -0.939901     -1.55659    0.0723736    -0.219567    -0.640868   -0.0335328
(NM) 1440: f = 518084 at     0.134862     0.740216      0.66766     0.268585    0.0146295 -0.000972034  -0.00766467    -0.738644     -0.21548    0.0164199     0.906068      1.58052    -0.939987     -1.55651    0.0724188    -0.219582    -0.640945   -0.0339397
(NM) 1460: f = 518084 at    0.134851    0.740172    0.667638    0.268601   0.0146212 -0.00110326 -0.00775018   -0.738651   -0.215501   0.0164106    0.905981     1.58057   -0.939918    -1.55642   0.0724621   -0.219564   -0.640901  -0.0340912
(NM) 1480: f = 518084 at     0.134826     0.740153     0.667632     0.268557     0.014757 -0.000968942  -0.00776835    -0.738855    -0.215501    0.0164011     0.905779      1.58069    -0.939866     -1.55634    0.0724475    -0.219566    -0.640927   -0.0331049
(NM) 1500: f = 518084 at    0.134844    0.740091    0.667607    0.268704    0.014643 -0.00104989 -0.00789155   -0.738722   -0.215504   0.0163817    0.905835     1.58046   -0.940076    -1.55633   0.0725253   -0.219569   -0.640859  -0.0342864
(NM) 1520: f = 518084 at    0.134817    0.740077     0.66766    0.268616   0.0148696   -0.001308 -0.00795568     -0.7387   -0.215494   0.0164044    0.905694     1.58043    -0.93984     -1.5562   0.0724797   -0.219511   -0.640908  -0.0339779
(NM) 1540: f = 518084 at     0.134855     0.740101     0.667628     0.268414    0.0149323 -0.000921754  -0.00782146    -0.738779    -0.215476    0.0163826     0.905762      1.58037    -0.939926     -1.55603    0.0723886    -0.219572    -0.640968   -0.0323483
(NM) 1560: f = 518084 at    0.134812    0.740066    0.667641    0.268617   0.0146875 -0.00110946 -0.00797139    -0.73867   -0.215547   0.0163368    0.905768      1.5803   -0.940139    -1.55596   0.0723148   -0.219563   -0.640931  -0.0320897
(NM) 1580: f = 518084 at    0.134805    0.740018      0.6677    0.268459   0.0148628 -0.00149636 -0.00783475   -0.738753   -0.215525   0.0163379    0.905774     1.58046   -0.939848    -1.55622   0.0722116   -0.219541   -0.641059  -0.0317024
(NM) 1600: f = 518084 at    0.134767    0.739918    0.667598    0.268626    0.014449 -0.00160936 -0.00794183   -0.738738   -0.215611   0.0162225    0.905795     1.58031    -0.94013    -1.55594   0.0722223   -0.219601   -0.641114  -0.0308883
(NM) 1620: f = 518084 at    0.134767    0.739918    0.667598    0.268626    0.014449 -0.00160936 -0.00794183   -0.738738   -0.215611   0.0162225    0.905795     1.58031    -0.94013    -1.55594   0.0722223   -0.219601   -0.641114  -0.0308883
(NM) 1640: f = 518084 at    0.134702    0.740019    0.667694    0.268578   0.0144492 -0.00186234 -0.00791466   -0.738689    -0.21561   0.0162207    0.905842     1.58035    -0.94009    -1.55598   0.0722086   -0.219604   -0.641354  -0.0309746
(NM) 1660: f = 518084 at    0.134719    0.739998    0.667627    0.268715   0.0143455 -0.00165037 -0.00796818   -0.738645   -0.215617   0.0162163    0.905882     1.58012   -0.940191    -1.55591   0.0722028    -0.21961   -0.641145  -0.0315495
(NM) 1680: f = 518084 at     0.13469     0.73996    0.667594    0.268743   0.0142372 -0.00208713 -0.00789283   -0.738668   -0.215631   0.0161896    0.905912      1.5802   -0.939869    -1.55601   0.0722037   -0.219602   -0.641155  -0.0323321
(NM) 1700: f = 518084 at    0.134704    0.740052    0.667645     0.26874   0.0142365  -0.0018021 -0.00792055    -0.73858   -0.215608   0.0162103    0.905965     1.58011   -0.940062    -1.55604   0.0722195   -0.219609   -0.641188  -0.0325086
(NM) 1720: f = 518084 at    0.134714    0.740039     0.66765     0.26864   0.0141838 -0.00204585 -0.00788711    -0.73851   -0.215609   0.0161856    0.905963     1.58018   -0.939909    -1.55597   0.0721924   -0.219609   -0.641303  -0.0323866
(NM) 1740: f = 518084 at    0.134709    0.740043    0.667637    0.268709   0.0140983 -0.00206093 -0.00793395   -0.738495   -0.215607   0.0161748    0.905921      1.5802   -0.939936    -1.55598   0.0722839   -0.219609   -0.641333  -0.0328781
(NM) 1760: f = 518084 at    0.134706    0.740074    0.667651    0.268659   0.0141144 -0.00199647 -0.00797986   -0.738462    -0.21561   0.0161795    0.905864      1.5802   -0.939896    -1.55586   0.0722547   -0.219597    -0.64133  -0.0327054
(NM) 1780: f = 518084 at    0.134715    0.740072    0.667642    0.268642   0.0141498 -0.00202783 -0.00791586    -0.73853   -0.215586   0.0161694    0.905818      1.5803   -0.939827     -1.5559   0.0722728   -0.219614   -0.641391  -0.0327381
(NM) 1800: f = 518084 at    0.134716    0.740005    0.667615    0.268687   0.0141311 -0.00207139 -0.00800581   -0.738518   -0.215613   0.0161412    0.905739     1.58023     -0.9399    -1.55567   0.0722296   -0.219612   -0.641342  -0.0323938
(NM) 1820: f = 518084 at    0.134749    0.740023    0.667627    0.268626   0.0142203  -0.0019193 -0.00801671    -0.73851   -0.215579   0.0161801    0.905724     1.58026   -0.939859    -1.55584   0.0723084   -0.219593     -0.6413  -0.0328787
(NM) 1840: f = 518084 at    0.134755    0.740059    0.667641     0.26851   0.0142525 -0.00192167 -0.00792357   -0.738501   -0.215572   0.0161904    0.905799     1.58028   -0.939738    -1.55585   0.0722572   -0.219595   -0.641339  -0.0326724
(NM) 1860: f = 518084 at    0.134753    0.740007    0.667611     0.26858    0.014175 -0.00202424 -0.00801667   -0.738482   -0.215599   0.0161648     0.90573     1.58029   -0.939754    -1.55572   0.0722644   -0.219591   -0.641267   -0.033005
(NM) 1880: f = 518084 at    0.134761    0.740037    0.667615     0.26858   0.0140947 -0.00194368  -0.0081119   -0.738339   -0.215604   0.0161542     0.90569     1.58013   -0.939753    -1.55552   0.0722021   -0.219576   -0.641234  -0.0330613
(NM) 1900: f = 518084 at    0.134779    0.740055    0.667619    0.268506   0.0142228 -0.00181948 -0.00807344   -0.738372   -0.215581    0.016181    0.905717     1.58011   -0.939738    -1.55551   0.0722285    -0.21958   -0.641208  -0.0333966
(NM) 1920: f = 518084 at    0.134757    0.740052    0.667636    0.268535   0.0141962 -0.00203471 -0.00807997   -0.738356   -0.215583   0.0161755     0.90568     1.58015   -0.939592    -1.55557   0.0721998   -0.219559   -0.641231   -0.033737
(NM) 1940: f = 518084 at    0.134779    0.740024    0.667622    0.268466   0.0143048  -0.0019519 -0.00819206   -0.738322   -0.215568   0.0161719    0.905554     1.57999   -0.939509    -1.55532   0.0721712   -0.219544   -0.641135  -0.0344807
(NM) 1960: f = 518084 at    0.134727    0.740024    0.667621    0.268683   0.0141131 -0.00195912 -0.00817436   -0.738438   -0.215588   0.0161324    0.905523     1.58007   -0.939634    -1.55558   0.0721356   -0.219566   -0.641171  -0.0340478
(NM) 1980: f = 518084 at    0.134745     0.74002     0.66765    0.268566   0.0143048 -0.00191617 -0.00821698   -0.738434   -0.215576    0.016176    0.905474     1.58008   -0.939524    -1.55556   0.0721307    -0.21953     -0.6411  -0.0344115
(NM) 2000: f = 518084 at    0.134745    0.740052    0.667651    0.268598   0.0141983 -0.00191043 -0.00816686   -0.738426   -0.215576   0.0161691    0.905523     1.58015   -0.939525    -1.55568   0.0721436   -0.219541    -0.64113  -0.0345267
(NM) 2020: f = 518084 at    0.134722    0.740031    0.667655    0.268684   0.0142588 -0.00179787 -0.00820099    -0.73857   -0.215568   0.0161647    0.905405     1.58016   -0.939565     -1.5558   0.0721231   -0.219541   -0.641087  -0.0345792
(NM) 2040: f = 518084 at    0.134746    0.740043    0.667659    0.268631   0.0142075 -0.00177664 -0.00817187    -0.73852   -0.215582   0.0161757    0.905462     1.58028   -0.939568    -1.55581   0.0721286   -0.219536    -0.64109  -0.0341926
(NM) 2060: f = 518084 at    0.134752    0.740059    0.667644    0.268611   0.0142173 -0.00169532 -0.00820062   -0.738484   -0.215574    0.016174    0.905443     1.58016   -0.939541    -1.55566   0.0721187   -0.219538   -0.641052  -0.0345463
(NM) 2080: f = 518084 at    0.134741    0.740032    0.667659    0.268664   0.0140522 -0.00183329 -0.00822438   -0.738521   -0.215605   0.0161503    0.905393     1.58042   -0.939534    -1.55589   0.0721324   -0.219531   -0.641094  -0.0344664
(NM) 2100: f = 518084 at    0.134749    0.740059    0.667642    0.268591   0.0140894 -0.00172992 -0.00820605   -0.738517   -0.215588   0.0161433     0.90537     1.58032   -0.939461    -1.55571   0.0721096   -0.219544   -0.641103  -0.0346384
(NM) 2120: f = 518084 at    0.134749    0.740059    0.667642    0.268591   0.0140894 -0.00172992 -0.00820605   -0.738517   -0.215588   0.0161433     0.90537     1.58032   -0.939461    -1.55571   0.0721096   -0.219544   -0.641103  -0.0346384
(NM) 2140: f = 518084 at    0.134754    0.740047    0.667645    0.268509   0.0139948 -0.00180523 -0.00820544   -0.738499   -0.215612   0.0161252    0.905384     1.58044   -0.939444    -1.55572   0.0721157   -0.219549    -0.64117  -0.0343261
(NM) 2160: f = 518084 at    0.134753    0.740049    0.667645    0.268546   0.0140313 -0.00173668 -0.00821774   -0.738518   -0.215603   0.0161338    0.905362     1.58038   -0.939432    -1.55574   0.0720925   -0.219541   -0.641106  -0.0346446
(NM) 2180: f = 518084 at    0.134761    0.740052    0.667636    0.268451   0.0140407 -0.00173569 -0.00823165   -0.738482   -0.215603   0.0161305    0.905372     1.58032    -0.93938    -1.55561   0.0721084   -0.219545   -0.641123  -0.0349479
(NM) 2200: f = 518084 at    0.134774    0.740061    0.667627    0.268381   0.0140771 -0.00161041  -0.0082059   -0.738507   -0.215597   0.0161432     0.90541     1.58029   -0.939368     -1.5556   0.0721291   -0.219552   -0.641092    -0.03526
(NM) 2220: f = 518084 at     0.13476    0.740057    0.667636    0.268382   0.0140328  -0.0017101 -0.00820296     -0.7385    -0.21561   0.0161319    0.905418     1.58032   -0.939368    -1.55562   0.0721173   -0.219553   -0.641149  -0.0349875
(NM) 2240: f = 518084 at    0.134759    0.740056    0.667635    0.268378   0.0140495 -0.00157813 -0.00820361   -0.738566   -0.215613   0.0161385    0.905408     1.58033   -0.939381    -1.55567   0.0721021   -0.219554   -0.641087  -0.0352481
(NM) 2260: f = 518084 at    0.134763     0.74005    0.667636    0.268323   0.0140798 -0.00165962 -0.00819204    -0.73853   -0.215612   0.0161415    0.905447     1.58032   -0.939412    -1.55561   0.0721473    -0.21956   -0.641163  -0.0349645
(NM) 2280: f = 518084 at    0.134762    0.740067    0.667632    0.268354   0.0140516   -0.001612 -0.00816697   -0.738557    -0.21561    0.016139    0.905435     1.58036   -0.939378    -1.55564   0.0721264   -0.219563   -0.641137  -0.0350966
(NM) 2300: f = 518084 at    0.134746    0.740049    0.667638    0.268421   0.0140298 -0.00171791 -0.00815811   -0.738587   -0.215617   0.0161281    0.905431     1.58042   -0.939438    -1.55571   0.0721334   -0.219569   -0.641186  -0.0347396
(NM) 2320: f = 518084 at     0.13474    0.740053    0.667624     0.26845   0.0140562 -0.00167343 -0.00812166   -0.738644   -0.215611   0.0161336    0.905443     1.58039    -0.93941    -1.55571   0.0721325   -0.219576    -0.64114  -0.0351856
(NM) 2340: f = 518084 at    0.134722    0.740068     0.66763    0.268391   0.0141273 -0.00167701 -0.00807199   -0.738682   -0.215615   0.0161435    0.905499     1.58033   -0.939438    -1.55561   0.0721398   -0.219591   -0.641204  -0.0351527
(NM) 2360: f = 518084 at    0.134722    0.740068     0.66763    0.268391   0.0141273 -0.00167701 -0.00807199   -0.738682   -0.215615   0.0161435    0.905499     1.58033   -0.939438    -1.55561   0.0721398   -0.219591   -0.641204  -0.0351527
(NM) 2380: f = 518084 at    0.134715    0.740065    0.667635      0.2684   0.0141111 -0.00163418 -0.00811965   -0.738706   -0.215627    0.016141    0.905438     1.58037   -0.939427    -1.55559   0.0721203   -0.219583   -0.641166  -0.0353636
(NM) 2400: f = 518084 at    0.134723    0.740067    0.667621      0.2684   0.0141201 -0.00167782 -0.00811134   -0.738652   -0.215618   0.0161402     0.90546     1.58029    -0.93941    -1.55549   0.0721269   -0.219585   -0.641171  -0.0353887
(NM) 2420: f = 518084 at    0.134711    0.740057     0.66762    0.268348   0.0141112 -0.00168637 -0.00811483   -0.738691   -0.215633   0.0161361    0.905452     1.58029   -0.939373    -1.55546   0.0721196   -0.219587   -0.641185  -0.0356315
(NM) 2440: f = 518084 at    0.134711    0.740057     0.66762    0.268348   0.0141112 -0.00168637 -0.00811483   -0.738691   -0.215633   0.0161361    0.905452     1.58029   -0.939373    -1.55546   0.0721196   -0.219587   -0.641185  -0.0356315
(NM) 2460: f = 518084 at    0.134721    0.740064    0.667624    0.268366   0.0140912 -0.00169024 -0.00814104   -0.738632   -0.215625   0.0161353     0.90544     1.58028   -0.939389    -1.55547   0.0721273    -0.21958   -0.641189  -0.0354974
(NM) 2480: f = 518084 at    0.134702    0.740053    0.667628    0.268421   0.0140639 -0.00174718 -0.00815391   -0.738668   -0.215627   0.0161254    0.905383     1.58028   -0.939368     -1.5555   0.0721141   -0.219577   -0.641211  -0.0357266
(NM) 2500: f = 518084 at    0.134703    0.740036    0.667626    0.268468    0.014032 -0.00171929 -0.00822744   -0.738646   -0.215628   0.0161237    0.905312     1.58025   -0.939421    -1.55551   0.0721438   -0.219565   -0.641209  -0.0358086
(NM) 2520: f = 518084 at    0.134683    0.740044    0.667626    0.268489    0.014017 -0.00176013 -0.00815021   -0.738719   -0.215634    0.016116     0.90536     1.58029   -0.939439    -1.55555   0.0721374   -0.219586   -0.641262  -0.0357263
(NM) 2540: f = 518084 at    0.134689    0.740036    0.667619    0.268494    0.013973 -0.00175306 -0.00819299   -0.738661   -0.215635   0.0161133    0.905342     1.58023   -0.939466    -1.55551   0.0721586    -0.21958   -0.641277  -0.0357369
(NM) 2560: f = 518084 at      0.1347    0.740042    0.667619    0.268492   0.0140119 -0.00167669 -0.00819975    -0.73864   -0.215625   0.0161276    0.905359     1.58017   -0.939504    -1.55551   0.0721714   -0.219576    -0.64125  -0.0357521
(NM) 2580: f = 518084 at    0.134686    0.740049    0.667617    0.268467   0.0140679 -0.00169381 -0.00813397   -0.738683   -0.215622   0.0161316    0.905414     1.58012   -0.939516    -1.55545   0.0721681   -0.219592   -0.641299  -0.0356604
(NM) 2600: f = 518084 at    0.134692    0.740046    0.667611    0.268507   0.0140218 -0.00163439 -0.00819087   -0.738651   -0.215618   0.0161276    0.905351     1.58007   -0.939528    -1.55544   0.0721728   -0.219582   -0.641278  -0.0358737
(NM) 2620: f = 518084 at    0.134704    0.740056     0.66762    0.268483   0.0140186 -0.00166862  -0.0081733   -0.738617   -0.215617     0.01613    0.905385     1.58013   -0.939497    -1.55548   0.0721592   -0.219579   -0.641269  -0.0356522
(NM) 2640: f = 518084 at    0.134683    0.740062    0.667614    0.268482   0.0140166 -0.00159929 -0.00816873   -0.738652   -0.215613   0.0161302    0.905352        1.58   -0.939522     -1.5554   0.0721671   -0.219587    -0.64134  -0.0359492
(NM) 2660: f = 518084 at    0.134692    0.740069    0.667622    0.268506   0.0140341 -0.00153796 -0.00816268   -0.738663   -0.215609   0.0161446    0.905359     1.58005    -0.93953     -1.5555   0.0721611   -0.219577   -0.641287  -0.0359333
(NM) 2680: f = 518084 at    0.134697    0.740067    0.667619    0.268477   0.0140546 -0.00155675 -0.00816781   -0.738618   -0.215602   0.0161495    0.905365     1.57997   -0.939496    -1.55544   0.0721547    -0.21957   -0.641296  -0.0359263
(NM) 2700: f = 518084 at    0.134695    0.740083    0.667625    0.268481   0.0140055  -0.0015226 -0.00812698   -0.738654   -0.215605   0.0161531    0.905365     1.58006   -0.939449    -1.55555   0.0721343   -0.219568   -0.641299  -0.0360048
(NM) 2720: f = 518084 at    0.134688    0.740092    0.667609    0.268474   0.0139211 -0.00158672 -0.00810725   -0.738582   -0.215606   0.0161535    0.905368     1.57992    -0.93936    -1.55541   0.0721256    -0.21956   -0.641364  -0.0364275
(NM) 2740: f = 518084 at    0.134675      0.7401     0.66762    0.268505   0.0138931 -0.00145311 -0.00812303   -0.738619   -0.215602   0.0161547    0.905316     1.57987    -0.93946    -1.55548   0.0721308   -0.219562   -0.641433  -0.0362233
(NM) 2760: f = 518084 at    0.134685     0.74009    0.667608    0.268448   0.0138793 -0.00157989 -0.00814029   -0.738547    -0.21561    0.016149    0.905318     1.57986    -0.93934    -1.55534   0.0721158   -0.219552   -0.641412  -0.0363836
(NM) 2780: f = 518084 at    0.134664    0.740106    0.667612    0.268522   0.0137261 -0.00163645 -0.00811626    -0.73851   -0.215609    0.016132    0.905237     1.57983   -0.939316    -1.55534   0.0720704   -0.219545   -0.641575  -0.0358583
(NM) 2800: f = 518084 at    0.134664    0.740086    0.667591     0.26854    0.013783 -0.00168342  -0.0080787   -0.738563   -0.215614    0.016142    0.905242     1.57987   -0.939215     -1.5553   0.0720411   -0.219539   -0.641475  -0.0360883
(NM) 2820: f = 518084 at    0.134672    0.740111    0.667606    0.268523   0.0137525 -0.00162896 -0.00809117   -0.738502   -0.215613   0.0161474    0.905263     1.57986   -0.939294     -1.5553   0.0720608   -0.219538   -0.641531  -0.0357349
(NM) 2840: f = 518084 at    0.134654    0.740108    0.667596    0.268483   0.0137704 -0.00159402 -0.00804624   -0.738556   -0.215609   0.0161485    0.905255     1.57975   -0.939279    -1.55522    0.072054   -0.219549   -0.641615  -0.0358419
(NM) 2860: f = 518084 at    0.134669    0.740092    0.667588    0.268513   0.0137401 -0.00152539 -0.00811269   -0.738542   -0.215615   0.0161493    0.905196      1.5798    -0.93931    -1.55523   0.0720768   -0.219537   -0.641551  -0.0358896
(NM) 2880: f = 518084 at    0.134638    0.740076    0.667585    0.268487   0.0137584 -0.00142395 -0.00806312   -0.738706   -0.215622   0.0161442    0.905093     1.57982    -0.93932    -1.55521   0.0720427   -0.219549   -0.641675  -0.0353807
(NM) 2900: f = 518084 at    0.134661    0.740077    0.667556    0.268453   0.0137542 -0.00128842 -0.00804252   -0.738689   -0.215616   0.0161559    0.905147     1.57976   -0.939382    -1.55515   0.0721038    -0.21956   -0.641661   -0.035476
(NM) 2920: f = 518084 at    0.134648    0.740074    0.667576    0.268403    0.013878 -0.00142987 -0.00799802    -0.73872   -0.215613   0.0161661    0.905174     1.57979     -0.9393    -1.55514   0.0720622   -0.219556   -0.641674  -0.0352281
(NM) 2940: f = 518084 at    0.134684    0.740079    0.667547     0.26844   0.0137864  -0.0014404 -0.00803225   -0.738546   -0.215601   0.0161703    0.905206     1.57967   -0.939261    -1.55507   0.0720857   -0.219537   -0.641614  -0.0354292
(NM) 2960: f = 518084 at    0.134674    0.740064    0.667545    0.268462   0.0137918 -0.00136972 -0.00801635   -0.738632   -0.215602   0.0161721     0.90515     1.57971   -0.939284    -1.55513   0.0720788   -0.219538    -0.64164  -0.0352213
(NM) 2980: f = 518084 at    0.134675    0.740028    0.667517    0.268493   0.0136877 -0.00152399 -0.00799151   -0.738612   -0.215605   0.0161567    0.905078     1.57975     -0.9392     -1.5551   0.0720914    -0.21953   -0.641743  -0.0348656
(NM) 3000: f = 518084 at    0.134661    0.740038     0.66753    0.268385   0.0138274 -0.00147254 -0.00792534   -0.738686   -0.215593   0.0161791     0.90513     1.57965   -0.939164    -1.55508   0.0720818   -0.219538   -0.641789  -0.0351047
(NM) 3020: f = 518084 at    0.134668    0.740006    0.667498    0.268432   0.0137623  -0.0014928 -0.00794631   -0.738666   -0.215587   0.0161725    0.905019     1.57961   -0.939127      -1.555   0.0721017   -0.219525   -0.641839   -0.034955
(NM) 3040: f = 518084 at    0.134668    0.740006    0.667498    0.268432   0.0137623  -0.0014928 -0.00794631   -0.738666   -0.215587   0.0161725    0.905019     1.57961   -0.939127      -1.555   0.0721017   -0.219525   -0.641839   -0.034955
(NM) 3060: f = 518084 at   0.134682   0.740016   0.667514   0.268321  0.0139189 -0.0014656 -0.0079153  -0.738676  -0.215564  0.0162006   0.905052    1.57959  -0.939076   -1.55501   0.072126  -0.219521  -0.641846 -0.0350713
(NM) 3080: f = 518084 at    0.134673    0.740012    0.667503    0.268405   0.0138367 -0.00150928 -0.00790099   -0.738675   -0.215559   0.0161885    0.904958     1.57961   -0.939048    -1.55499   0.0721044   -0.219515   -0.641927  -0.0346712
(NM) 3100: f = 518084 at    0.134682    0.740007    0.667513    0.268319   0.0139726 -0.00154652 -0.00787739    -0.73869    -0.21554   0.0162118    0.904961     1.57961   -0.938992    -1.55497   0.0721425   -0.219509   -0.641956  -0.0348478
(NM) 3120: f = 518084 at    0.134669    0.739995    0.667512    0.268335   0.0139851 -0.00148628  -0.0079063   -0.738736   -0.215536   0.0162156    0.904849     1.57956    -0.93897    -1.55493   0.0721316   -0.219498   -0.641989  -0.0350408
(NM) 3140: f = 518084 at     0.13467    0.740023    0.667536     0.26827   0.0140614   -0.001484 -0.00780758   -0.738766   -0.215504   0.0162448    0.904817      1.5796   -0.938889      -1.555   0.0721425   -0.219489   -0.642153  -0.0346965
(NM) 3160: f = 518084 at    0.134671    0.740018    0.667533      0.2683   0.0140728 -0.00149853 -0.00784363    -0.73876   -0.215505   0.0162439    0.904793      1.5796   -0.938906    -1.55495   0.0721608   -0.219487   -0.642115  -0.0350459
(NM) 3180: f = 518084 at    0.134671    0.740036    0.667544    0.268353   0.0139975 -0.00144557 -0.00784886   -0.738723   -0.215508   0.0162586     0.90479     1.57959   -0.938883    -1.55504   0.0721325   -0.219466   -0.642084  -0.0353185
(NM) 3200: f = 518084 at    0.134673    0.740039    0.667545    0.268354    0.013999 -0.00142857 -0.00784968    -0.73872   -0.215506   0.0162635     0.90478     1.57959   -0.938883    -1.55504    0.072136   -0.219462   -0.642087  -0.0353125
(NM) 3220: f = 518084 at    0.134677    0.740051    0.667545    0.268289   0.0140179 -0.00140691 -0.00787179   -0.738682   -0.215509   0.0162504    0.904811     1.57954   -0.938933     -1.5549    0.072137   -0.219479   -0.642107  -0.0350572
(NM) 3240: f = 518084 at    0.134677    0.740039    0.667537    0.268319    0.013995 -0.00137419 -0.00785961   -0.738702   -0.215507   0.0162589    0.904765     1.57954    -0.93893    -1.55493   0.0721385   -0.219469   -0.642134  -0.0349524
(NM) 3260: f = 518084 at    0.134677    0.740045    0.667543    0.268308   0.0140129  -0.0014144 -0.00785149   -0.738693   -0.215505   0.0162582    0.904795     1.57955   -0.938953    -1.55491   0.0721639   -0.219477   -0.642155  -0.0350573
(NM) 3280: f = 518084 at    0.134673    0.740057    0.667553    0.268303   0.0140039 -0.00140232 -0.00783014   -0.738697   -0.215499   0.0162643    0.904774     1.57956   -0.938928    -1.55495   0.0721508   -0.219471   -0.642205  -0.0349661
(NM) 3300: f = 518084 at    0.134673    0.740065    0.667554    0.268343   0.0139583 -0.00142509  -0.0078288   -0.738673   -0.215504   0.0162625    0.904803     1.57957    -0.93896    -1.55496   0.0721587   -0.219472   -0.642196  -0.0350952
(NM) 3320: f = 518084 at     0.13466    0.740063     0.66756    0.268347   0.0139254 -0.00141544  -0.0078234   -0.738692   -0.215506   0.0162632    0.904763     1.57955   -0.938984    -1.55495   0.0721668   -0.219471   -0.642284  -0.0351386
(NM) 3340: f = 518084 at    0.134654    0.740066    0.667562    0.268355   0.0139199 -0.00145448 -0.00779199    -0.73869   -0.215499    0.016268    0.904762      1.5795   -0.938978    -1.55493   0.0721785   -0.219472   -0.642353  -0.0353439
(NM) 3360: f = 518084 at    0.134654    0.740066    0.667562    0.268355   0.0139199 -0.00145448 -0.00779199    -0.73869   -0.215499    0.016268    0.904762      1.5795   -0.938978    -1.55493   0.0721785   -0.219472   -0.642353  -0.0353439
(NM) 3380: f = 518084 at    0.134659    0.740057    0.667554    0.268359   0.0139096 -0.00144877 -0.00782464    -0.73867   -0.215506   0.0162623    0.904768     1.57949   -0.938989     -1.5549   0.0721757   -0.219471   -0.642301   -0.035331
(NM) 3400: f = 518084 at    0.134654    0.740054    0.667559    0.268391   0.0138941 -0.00148471 -0.00781181   -0.738694   -0.215506   0.0162631    0.904747     1.57955   -0.938959    -1.55498   0.0721686   -0.219465   -0.642303  -0.0353705
(NM) 3420: f = 518084 at    0.134658     0.74005    0.667558    0.268374   0.0139259 -0.00149125 -0.00782318   -0.738682   -0.215504    0.016268    0.904748     1.57952   -0.938946    -1.55494   0.0721705   -0.219462   -0.642285   -0.035554
(NM) 3440: f = 518084 at    0.134657    0.740044    0.667558    0.268393    0.013921 -0.00149503 -0.00782815   -0.738702   -0.215509   0.0162637    0.904744     1.57957   -0.938968    -1.55496   0.0721704   -0.219465   -0.642266  -0.0354941
(NM) 3460: f = 518084 at    0.134655    0.740046    0.667562    0.268368   0.0139532   -0.001482 -0.00782286   -0.738712   -0.215507   0.0162649    0.904754     1.57954   -0.938977    -1.55494   0.0721666   -0.219469   -0.642276  -0.0354712
(NM) 3480: f = 518084 at    0.134655     0.74003    0.667557     0.26841   0.0139214 -0.00152541 -0.00782118   -0.738726   -0.215512   0.0162614    0.904735      1.5796   -0.938965    -1.55499   0.0721624   -0.219464   -0.642262   -0.035466
(NM) 3500: f = 518084 at    0.134662    0.740034    0.667559    0.268339   0.0139691 -0.00148831  -0.0078276   -0.738689   -0.215505   0.0162684     0.90475     1.57949   -0.938989    -1.55487   0.0721714   -0.219466   -0.642303  -0.0354343
(NM) 3520: f = 518084 at    0.134664    0.740033    0.667562    0.268391   0.0139419 -0.00150809 -0.00783533   -0.738673   -0.215506   0.0162698    0.904724     1.57953    -0.93898    -1.55491   0.0721526   -0.219456   -0.642282  -0.0353839
(NM) 3540: f = 518084 at    0.134669    0.740017    0.667561    0.268406   0.0139583 -0.00153393 -0.00781263   -0.738687   -0.215505   0.0162724    0.904732     1.57954   -0.939002     -1.5549   0.0721436   -0.219458   -0.642282   -0.035416
(NM) 3560: f = 518084 at    0.134682    0.739993    0.667563    0.268306   0.0140689 -0.00154965 -0.00778985   -0.738679   -0.215499     0.01628    0.904779     1.57946   -0.939045    -1.55479   0.0721413   -0.219467   -0.642323  -0.0352472
(NM) 3580: f = 518084 at    0.134675    0.739988    0.667566    0.268373   0.0139877 -0.00159172 -0.00777617   -0.738667   -0.215502   0.0162776    0.904755     1.57946   -0.939071    -1.55482   0.0721353   -0.219462   -0.642382  -0.0352849
(NM) 3600: f = 518084 at    0.134673    0.739991    0.667585    0.268375   0.0139821 -0.00167439 -0.00771184   -0.738634   -0.215497   0.0162779    0.904818      1.5794   -0.939163    -1.55479   0.0721215   -0.219474   -0.642512  -0.0351265
(NM) 3620: f = 518084 at    0.134664    0.740011    0.667583    0.268376   0.0140009 -0.00160066 -0.00770252   -0.738699   -0.215496   0.0162773    0.904822     1.57945   -0.939133    -1.55487   0.0721292   -0.219482   -0.642461  -0.0352619
(NM) 3640: f = 518084 at    0.134687     0.74001    0.667599    0.268415   0.0139922 -0.00161061 -0.00772267   -0.738623   -0.215494   0.0162862     0.90486     1.57948   -0.939181    -1.55494   0.0721036   -0.219469    -0.64239  -0.0352222
(NM) 3660: f = 518084 at    0.134687     0.74001    0.667599    0.268415   0.0139922 -0.00161061 -0.00772267   -0.738623   -0.215494   0.0162862     0.90486     1.57948   -0.939181    -1.55494   0.0721036   -0.219469    -0.64239  -0.0352222
(NM) 3680: f = 518084 at     0.13468    0.740024    0.667607    0.268459   0.0139468 -0.00162947 -0.00766136    -0.73862   -0.215489   0.0162891    0.904897     1.57945    -0.93925    -1.55496   0.0721111   -0.219479   -0.642487  -0.0353776
(NM) 3700: f = 518084 at     0.13468    0.740022    0.667609    0.268464   0.0139478 -0.00164134 -0.00765547   -0.738624   -0.215489   0.0162887    0.904904     1.57945   -0.939257    -1.55497   0.0721106   -0.219481   -0.642488  -0.0354017
(NM) 3720: f = 518084 at    0.134678    0.740004    0.667603    0.268453   0.0139634 -0.00164358 -0.00766123   -0.738656    -0.21549   0.0162938    0.904872     1.57946   -0.939227    -1.55497   0.0721234   -0.219475   -0.642483  -0.0356333
(NM) 3740: f = 518084 at    0.134683    0.740005    0.667602     0.26846    0.013971 -0.00166372 -0.00764875   -0.738657   -0.215487   0.0162892     0.90489      1.5795   -0.939222    -1.55501   0.0721178   -0.219479   -0.642466  -0.0354459
(NM) 3760: f = 518084 at     0.13469        0.74    0.667603    0.268466   0.0139699 -0.00163803  -0.0076357   -0.738673   -0.215488   0.0162892     0.90492     1.57954   -0.939257    -1.55509   0.0721206   -0.219484    -0.64244  -0.0353542
(NM) 3780: f = 518084 at     0.13469    0.739995    0.667601    0.268466   0.0139802 -0.00161849 -0.00762424   -0.738696   -0.215487   0.0162934    0.904915     1.57954   -0.939257     -1.5551   0.0721208   -0.219484   -0.642439  -0.0354401
(NM) 3800: f = 518084 at    0.134699    0.740001    0.667596    0.268482   0.0139501  -0.0015785 -0.00766844   -0.738661   -0.215491   0.0162889    0.904907     1.57955   -0.939253    -1.55511   0.0721186   -0.219479   -0.642371  -0.0353796
(NM) 3820: f = 518084 at    0.134701    0.739991    0.667601    0.268506   0.0139467 -0.00157538 -0.00763318    -0.73868    -0.21549   0.0162907    0.904923     1.57956   -0.939316    -1.55514   0.0721055   -0.219485   -0.642402  -0.0353525
(NM) 3840: f = 518084 at    0.134705    0.739981    0.667591    0.268506   0.0139438 -0.00157466 -0.00765175   -0.738689   -0.215491   0.0162847      0.9049     1.57958   -0.939298    -1.55513   0.0721155   -0.219485   -0.642376   -0.035383
(NM) 3860: f = 518084 at    0.134703    0.739987    0.667597     0.26851   0.0139262 -0.00154757 -0.00762983   -0.738694   -0.215491   0.0162856     0.90492     1.57956   -0.939359    -1.55514   0.0721183   -0.219493   -0.642425  -0.0353166
(NM) 3880: f = 518084 at      0.1347    0.739996    0.667589    0.268508   0.0139168  -0.0014549 -0.00766267   -0.738719   -0.215488   0.0162837    0.904842     1.57956   -0.939331    -1.55509   0.0721266   -0.219491   -0.642419  -0.0355069
(NM) 3900: f = 518084 at      0.1347    0.739996    0.667589    0.268508   0.0139168  -0.0014549 -0.00766267   -0.738719   -0.215488   0.0162837    0.904842     1.57956   -0.939331    -1.55509   0.0721266   -0.219491   -0.642419  -0.0355069
(NM) 3920: f = 518084 at    0.134707     0.73999    0.667597    0.268522   0.0139345 -0.00147447 -0.00762036   -0.738721    -0.21548   0.0162866    0.904875     1.57955   -0.939391    -1.55511   0.0721204     -0.2195   -0.642453   -0.035607
(NM) 3940: f = 518084 at    0.134705    0.739988    0.667587     0.26848   0.0139539 -0.00147679  -0.0076302    -0.73873   -0.215479   0.0162837    0.904856     1.57953   -0.939338    -1.55505   0.0721321     -0.2195   -0.642458  -0.0356048
(NM) 3960: f = 518084 at     0.13471    0.739983    0.667589    0.268469   0.0139908  -0.0015216 -0.00760712   -0.738725   -0.215471   0.0162937    0.904853     1.57953   -0.939281    -1.55505   0.0721237   -0.219493   -0.642459  -0.0357897
(NM) 3980: f = 518084 at    0.134714    0.739981    0.667586    0.268471   0.0139826 -0.00149263 -0.00762139   -0.738728   -0.215473   0.0162888    0.904847     1.57954     -0.9393    -1.55505   0.0721192   -0.219496   -0.642434  -0.0358178
(NM) 4000: f = 518084 at    0.134714    0.739981    0.667586    0.268471   0.0139826 -0.00149263 -0.00762139   -0.738728   -0.215473   0.0162888    0.904847     1.57954     -0.9393    -1.55505   0.0721192   -0.219496   -0.642434  -0.0358178
(NM) 4020: f = 518084 at    0.134716    0.739989     0.66759    0.268466   0.0139955 -0.00146218 -0.00759688   -0.738737   -0.215465   0.0162968     0.90485     1.57953   -0.939303    -1.55507   0.0721239   -0.219497   -0.642461  -0.0359173
(NM) 4040: f = 518084 at     0.13472    0.739991    0.667592    0.268416   0.0140354 -0.00145406 -0.00760526   -0.738732   -0.215459   0.0163005    0.904826      1.5795   -0.939265      -1.555   0.0721227   -0.219495   -0.642474  -0.0360443
(NM) 4060: f = 518084 at    0.134725    0.739995    0.667594    0.268425   0.0140177 -0.00143868 -0.00762207   -0.738706   -0.215462   0.0162977    0.904844      1.5795   -0.939291    -1.55501   0.0721181   -0.219495   -0.642444  -0.0359745
(NM) 4080: f = 518084 at    0.134715    0.740005    0.667597    0.268425   0.0139958 -0.00143651 -0.00761607   -0.738712   -0.215467   0.0162955    0.904868      1.5795   -0.939305    -1.55503   0.0721246     -0.2195    -0.64246  -0.0360047
(NM) 4100: f = 518084 at    0.134724    0.740006    0.667597    0.268385   0.0140095 -0.00141314 -0.00761644   -0.738703   -0.215463   0.0163005    0.904852     1.57949   -0.939281      -1.555   0.0721274   -0.219496   -0.642475  -0.0360456
(NM) 4120: f = 518084 at     0.13473    0.740008    0.667599    0.268369   0.0139998 -0.00139761 -0.00763653   -0.738695   -0.215468    0.016294     0.90485     1.57954   -0.939283    -1.55501   0.0721188   -0.219498   -0.642446    -0.03591
(NM) 4140: f = 518084 at     0.13472    0.740009    0.667599    0.268325    0.013933 -0.00146542 -0.00763078   -0.738666   -0.215482   0.0162863    0.904871     1.57951   -0.939278    -1.55494    0.072131   -0.219502   -0.642531  -0.0359654
(NM) 4160: f = 518084 at    0.134734    0.739987    0.667595    0.268356   0.0138984 -0.00147157 -0.00760136   -0.738715   -0.215491   0.0162737    0.904924     1.57966    -0.93933    -1.55512   0.0721302   -0.219517   -0.642466  -0.0358513
(NM) 4180: f = 518084 at    0.134744    0.740008    0.667612    0.268291    0.013952 -0.00147595 -0.00758186   -0.738652    -0.21547   0.0162979    0.904895     1.57958   -0.939262    -1.55503   0.0721197   -0.219499   -0.642549  -0.0360077
(NM) 4200: f = 518084 at    0.134744    0.740002    0.667616    0.268336   0.0139016 -0.00148862  -0.0075872   -0.738663   -0.215475   0.0162889    0.904854     1.57963   -0.939283    -1.55504   0.0720995   -0.219501   -0.642556  -0.0361933
(NM) 4220: f = 518084 at    0.134744    0.740002    0.667616    0.268336   0.0139016 -0.00148862  -0.0075872   -0.738663   -0.215475   0.0162889    0.904854     1.57963   -0.939283    -1.55504   0.0720995   -0.219501   -0.642556  -0.0361933
(NM) 4240: f = 518084 at    0.134736    0.739989    0.667611    0.268369   0.0138545 -0.00154295 -0.00756912   -0.738698   -0.215485   0.0162844     0.90485      1.5797   -0.939255    -1.55512   0.0721009   -0.219499   -0.642555  -0.0362723
(NM) 4260: f = 518084 at    0.134736    0.739989    0.667611    0.268369   0.0138545 -0.00154295 -0.00756912   -0.738698   -0.215485   0.0162844     0.90485      1.5797   -0.939255    -1.55512   0.0721009   -0.219499   -0.642555  -0.0362723
(NM) 4280: f = 518084 at    0.134744    0.740002    0.667616    0.268343    0.013859 -0.00150642 -0.00756505   -0.738675    -0.21548   0.0162874    0.904868     1.57969   -0.939266    -1.55512   0.0721015   -0.219501   -0.642564  -0.0361514
(NM) 4300: f = 518084 at    0.134744    0.740002    0.667616    0.268343    0.013859 -0.00150642 -0.00756505   -0.738675    -0.21548   0.0162874    0.904868     1.57969   -0.939266    -1.55512   0.0721015   -0.219501   -0.642564  -0.0361514
(NM) 4320: f = 518084 at    0.134744    0.739998    0.667612    0.268345   0.0138435 -0.00149964 -0.00757751     -0.7387   -0.215485   0.0162805    0.904841     1.57975   -0.939239    -1.55515   0.0720963   -0.219502   -0.642535  -0.0362153
(NM) 4340: f = 518084 at    0.134736    0.740001    0.667612    0.268355   0.0138318 -0.00150959  -0.0075677   -0.738703   -0.215486   0.0162825    0.904844     1.57973   -0.939239    -1.55515   0.0720995     -0.2195    -0.64256  -0.0361728
(NM) 4360: f = 518084 at    0.134736    0.740001    0.667612    0.268355   0.0138318 -0.00150959  -0.0075677   -0.738703   -0.215486   0.0162825    0.904844     1.57973   -0.939239    -1.55515   0.0720995     -0.2195    -0.64256  -0.0361728
(NM) 4380: f = 518084 at    0.134738    0.740007    0.667613    0.268338   0.0138385 -0.00149265 -0.00756911   -0.738703   -0.215484    0.016282    0.904841     1.57974   -0.939229    -1.55515   0.0721022   -0.219502    -0.64256  -0.0361585
(NM) 4400: f = 518084 at    0.134741    0.740006    0.667614    0.268347   0.0138357  -0.0014999 -0.00756556   -0.738692   -0.215483    0.016283    0.904851     1.57974   -0.939237    -1.55516   0.0720972   -0.219501   -0.642555  -0.0361244
(NM) 4420: f = 518084 at    0.134739    0.740007    0.667611    0.268328    0.013847 -0.00148568 -0.00757206   -0.738695   -0.215483   0.0162837    0.904844     1.57972   -0.939225    -1.55513   0.0721021   -0.219501   -0.642558  -0.0361255
(NM) 4440: f = 518084 at    0.134739    0.740007    0.667611    0.268328    0.013847 -0.00148568 -0.00757206   -0.738695   -0.215483   0.0162837    0.904844     1.57972   -0.939225    -1.55513   0.0721021   -0.219501   -0.642558  -0.0361255
(NM) 4460: f = 518084 at    0.134739    0.740009    0.667612    0.268324   0.0138447 -0.00150406 -0.00756791    -0.73869   -0.215483   0.0162833    0.904848     1.57973   -0.939205    -1.55514   0.0720987   -0.219499   -0.642557  -0.0360857
(NM) 4480: f = 518084 at    0.134741    0.740005     0.66761    0.268327   0.0138398 -0.00148578 -0.00757608    -0.73869   -0.215485    0.016282    0.904844     1.57973   -0.939224    -1.55512   0.0720962     -0.2195   -0.642549  -0.0360798
(NM) 4500: f = 518084 at     0.13474    0.740008    0.667608    0.268314    0.013858 -0.00148038 -0.00757394   -0.738686    -0.21548   0.0162855    0.904827     1.57969   -0.939199    -1.55508   0.0720936   -0.219497   -0.642565  -0.0360989
(NM) 4520: f = 518084 at    0.134741    0.740004    0.667608     0.26832   0.0138468 -0.00148933 -0.00756437    -0.73869    -0.21548   0.0162854    0.904826     1.57971   -0.939195     -1.5551   0.0720895   -0.219497   -0.642571  -0.0360605
(NM) 4540: f = 518084 at    0.134741    0.740004    0.667608     0.26832   0.0138468 -0.00148933 -0.00756437    -0.73869    -0.21548   0.0162854    0.904826     1.57971   -0.939195     -1.5551   0.0720895   -0.219497   -0.642571  -0.0360605
(NM) 4560: f = 518084 at    0.134739    0.740006    0.667608    0.268319   0.0138498 -0.00148082 -0.00756156   -0.738693   -0.215479   0.0162869     0.90482     1.57969   -0.939191    -1.55509   0.0720884   -0.219496    -0.64258  -0.0360717
(NM) 4580: f = 518084 at     0.13474    0.740005    0.667606    0.268316   0.0138494 -0.00147922 -0.00755695   -0.738694   -0.215478   0.0162871    0.904821      1.5797   -0.939186     -1.5551   0.0720858   -0.219496    -0.64258  -0.0360217
(NM) 4600: f = 518084 at    0.134739    0.740005    0.667607     0.26832   0.0138449 -0.00147756 -0.00755052     -0.7387   -0.215479    0.016287    0.904827      1.5797   -0.939197    -1.55511   0.0720868   -0.219498   -0.642586  -0.0360424
(NM) 4620: f = 518084 at    0.134739    0.740005    0.667606    0.268329   0.0138403 -0.00147701  -0.0075481   -0.738699   -0.215478   0.0162873    0.904826      1.5797   -0.939198    -1.55511    0.072085   -0.219497   -0.642586  -0.0360376
(NM) 4640: f = 518084 at    0.134738    0.740005    0.667606    0.268321    0.013835 -0.00147914 -0.00754799   -0.738701   -0.215481   0.0162862    0.904831      1.5797   -0.939202    -1.55511   0.0720885   -0.219499   -0.642592  -0.0360717
(NM) 4660: f = 518084 at    0.134738    0.740001      0.6676    0.268315    0.013837 -0.00148406 -0.00755127   -0.738696    -0.21548   0.0162866    0.904815     1.57967    -0.93918    -1.55506   0.0720876   -0.219497   -0.642598  -0.0360939
(NM) 4680: f = 518084 at     0.13474    0.740002    0.667604    0.268329   0.0138261 -0.00148267 -0.00754708   -0.738694   -0.215481   0.0162855    0.904832     1.57969   -0.939208     -1.5551   0.0720874   -0.219499   -0.642592  -0.0360934
(NM) 4700: f = 518084 at    0.134739    0.740001      0.6676    0.268326   0.0138156 -0.00148274 -0.00754083   -0.738696   -0.215482   0.0162847     0.90483     1.57968   -0.939203    -1.55508   0.0720893   -0.219501   -0.642605  -0.0361546
(NM) 4720: f = 518084 at     0.13474    0.740004    0.667598    0.268314   0.0138199 -0.00147534 -0.00753994   -0.738687    -0.21548    0.016286    0.904833     1.57966   -0.939189    -1.55506   0.0720864     -0.2195   -0.642602  -0.0361218
(NM) 4740: f = 518084 at     0.13474    0.740004    0.667598    0.268314   0.0138199 -0.00147534 -0.00753994   -0.738687    -0.21548    0.016286    0.904833     1.57966   -0.939189    -1.55506   0.0720864     -0.2195   -0.642602  -0.0361218
(NM) 4760: f = 518084 at    0.134739    0.740009    0.667597    0.268316   0.0138082  -0.0014705 -0.00753905    -0.73869   -0.215481   0.0162847    0.904834     1.57968    -0.93918    -1.55508   0.0720899   -0.219501   -0.642598    -0.03614
(NM) 4780: f = 518084 at     0.13474    0.740005    0.667598     0.26832   0.0138101 -0.00148112 -0.00754622   -0.738688   -0.215483   0.0162834    0.904836     1.57969    -0.93919    -1.55508   0.0720904     -0.2195    -0.64259  -0.0361303
(NM) 4800: f = 518084 at    0.134741    0.740006    0.667597    0.268319   0.0138051 -0.00147538 -0.00753673   -0.738688   -0.215482   0.0162839    0.904844     1.57968   -0.939193    -1.55509    0.072089   -0.219502   -0.642595  -0.0361339
(NM) 4820: f = 518084 at    0.134741    0.740004    0.667598    0.268319    0.013809 -0.00148366 -0.00753859    -0.73869   -0.215482   0.0162841    0.904836     1.57969   -0.939187    -1.55508   0.0720888   -0.219501   -0.642597  -0.0361399
(NM) 4840: f = 518084 at    0.134741    0.740006    0.667597    0.268315   0.0138117 -0.00147829 -0.00753668   -0.738688   -0.215482   0.0162847    0.904845     1.57968   -0.939188    -1.55508   0.0720896   -0.219501   -0.642594  -0.0361153
(NM) 4860: f = 518084 at    0.134741    0.740005    0.667597    0.268318   0.0138099 -0.00148117 -0.00753815   -0.738689   -0.215482   0.0162843    0.904839     1.57968   -0.939187    -1.55508   0.0720888   -0.219501   -0.642596  -0.0361319
(NM) 4880: f = 518084 at    0.134741    0.740005    0.667598     0.26832   0.0138104 -0.00148026 -0.00753573   -0.738689   -0.215482   0.0162847    0.904843     1.57968   -0.939193    -1.55509   0.0720885   -0.219501   -0.642596  -0.0361333
(NM) 4900: f = 518084 at    0.134741    0.740006    0.667597    0.268317   0.0138077 -0.00147795 -0.00753645   -0.738689   -0.215482   0.0162843     0.90484     1.57968   -0.939185    -1.55508   0.0720884   -0.219501   -0.642595  -0.0361357
(NM) 4920: f = 518084 at    0.134741    0.740005    0.667598    0.268319   0.0138112 -0.00148093 -0.00753703    -0.73869   -0.215482   0.0162845    0.904842     1.57969    -0.93919    -1.55509   0.0720876   -0.219501   -0.642593   -0.036126
(NM) 4940: f = 518084 at    0.134741    0.740005    0.667597     0.26832   0.0138096 -0.00148568 -0.00753563   -0.738686   -0.215482   0.0162843    0.904848     1.57968    -0.93919    -1.55508   0.0720874   -0.219501    -0.64259  -0.0361267
(NM) 4960: f = 518084 at    0.134741    0.740005    0.667599    0.268323   0.0138104 -0.00148264 -0.00753498    -0.73869   -0.215482   0.0162841     0.90485     1.57969   -0.939196    -1.55509   0.0720869   -0.219502   -0.642589  -0.0361195
(NM) 4980: f = 518084 at    0.134741    0.740005    0.667598    0.268322   0.0138126 -0.00148312 -0.00753318   -0.738691   -0.215482   0.0162845    0.904848     1.57968   -0.939194    -1.55509   0.0720857   -0.219502   -0.642591  -0.0361379
(NM) 5000: f = 518084 at     0.13474    0.740005    0.667598    0.268321   0.0138143 -0.00148403 -0.00753614   -0.738691   -0.215483   0.0162839    0.904848     1.57968   -0.939193    -1.55508   0.0720854   -0.219502   -0.642586  -0.0361301
(NM) 5020: f = 518084 at    0.134741    0.740004    0.667597    0.268319   0.0138185 -0.00148021 -0.00753623   -0.738695   -0.215483   0.0162836     0.90485     1.57968   -0.939192    -1.55508   0.0720856   -0.219503   -0.642581  -0.0361312
(NM) 5040: f = 518084 at     0.13474    0.740005    0.667596    0.268319   0.0138165 -0.00148136 -0.00753732   -0.738692   -0.215484   0.0162831    0.904853     1.57968   -0.939193    -1.55508   0.0720852   -0.219503   -0.642579  -0.0361314
(NM) 5060: f = 518084 at     0.13474    0.740004    0.667596     0.26832   0.0138202 -0.00147981 -0.00753779   -0.738696   -0.215483   0.0162831    0.904851     1.57969   -0.939193    -1.55508   0.0720856   -0.219504   -0.642576  -0.0361351
(NM) 5080: f = 518084 at    0.134741    0.740005    0.667597    0.268321   0.0138176 -0.00148224  -0.0075374   -0.738693   -0.215484   0.0162831    0.904854     1.57968   -0.939194    -1.55508    0.072086   -0.219504   -0.642576  -0.0361339
(NM) 5100: f = 518084 at     0.13474    0.740005    0.667596    0.268319   0.0138221  -0.0014793 -0.00753814   -0.738695   -0.215484    0.016283    0.904855     1.57968   -0.939194    -1.55508   0.0720854   -0.219504   -0.642573  -0.0361356
(NM) 5120: f = 518084 at     0.13474    0.740005    0.667596    0.268319   0.0138221  -0.0014793 -0.00753814   -0.738695   -0.215484    0.016283    0.904855     1.57968   -0.939194    -1.55508   0.0720854   -0.219504   -0.642573  -0.0361356
Generalized linear mixed model fit by maximum likelihood (Laplace
  Approximation) [glmerMod]
 Family: poisson  ( log )
Formula: gs ~ year + field + d_div + o_div + game_length + (1 | offense) +  
    (1 | defense) + (1 | game_id)
   Data: g
      AIC       BIC    logLik  deviance  df.resid 
 518120.4  518302.5 -259042.2  518084.4    183480 
Random effects:
 Groups  Name        Std.Dev.
 game_id (Intercept) 0.1347  
 defense (Intercept) 0.7400  
 offense (Intercept) 0.6676  
Number of obs: 183498, groups:  game_id, 91749; defense, 5044; offense, 5044
Fixed Effects:
      (Intercept)           year2013           year2014           year2015  
         0.268319           0.013822          -0.001479          -0.007538  
         year2016  fielddefense_home  fieldoffense_home             d_div2  
        -0.738695          -0.215484           0.016283           0.904855  
           d_div3             o_div2             o_div3    game_length1 OT  
         1.579682          -0.939194          -1.555078           0.072085  
  game_length2 OT    game_length3 OT    game_length4 OT  
        -0.219504          -0.642573          -0.036136  
convergence code 0; 1 optimizer warnings; 0 lme4 warnings 
Generalized linear mixed model fit by maximum likelihood (Laplace
  Approximation) [glmerMod]
 Family: poisson  ( log )
Formula: gs ~ year + field + d_div + o_div + game_length + (1 | offense) +  
    (1 | defense) + (1 | game_id)
   Data: g

      AIC       BIC    logLik  deviance  df.resid 
 518120.4  518302.5 -259042.2  518084.4    183480 

Scaled residuals: 
    Min      1Q  Median      3Q     Max 
-3.0156 -0.7488 -0.2610  0.5159  6.6910 

Random effects:
 Groups  Name        Variance Std.Dev.
 game_id (Intercept) 0.01815  0.1347  
 defense (Intercept) 0.54761  0.7400  
 offense (Intercept) 0.44568  0.6676  
Number of obs: 183498, groups:  game_id, 91749; defense, 5044; offense, 5044

Fixed effects:
                   Estimate Std. Error z value Pr(>|z|)    
(Intercept)        0.268319   0.039086   6.865 6.66e-12 ***
year2013           0.013822   0.045230   0.306   0.7599    
year2014          -0.001479   0.045159  -0.033   0.9739    
year2015          -0.007538   0.045034  -0.167   0.8671    
year2016          -0.738695   0.045333 -16.295  < 2e-16 ***
fielddefense_home -0.215484   0.009998 -21.553  < 2e-16 ***
fieldoffense_home  0.016283   0.009860   1.651   0.0987 .  
d_div2             0.904855   0.049157  18.407  < 2e-16 ***
d_div3             1.579682   0.055231  28.601  < 2e-16 ***
o_div2            -0.939194   0.047510 -19.768  < 2e-16 ***
o_div3            -1.555078   0.054161 -28.712  < 2e-16 ***
game_length1 OT    0.072085   0.010259   7.026 2.12e-12 ***
game_length2 OT   -0.219504   0.007897 -27.797  < 2e-16 ***
game_length3 OT   -0.642573   0.049773 -12.910  < 2e-16 ***
game_length4 OT   -0.036136   0.129598  -0.279   0.7804    
---
Signif. codes:  0 *** 0.001 ** 0.01 * 0.05 . 0.1   1

Correlation of Fixed Effects:
            (Intr) yr2013 yr2014 yr2015 yr2016 flddf_ fldff_ d_div2 d_div3
year2013    -0.580                                                        
year2014    -0.581  0.504                                                 
year2015    -0.583  0.505  0.505                                          
year2016    -0.578  0.501  0.502  0.503                                   
filddfns_hm -0.222  0.000 -0.001 -0.001 -0.007                            
fildffns_hm -0.225  0.000 -0.001 -0.001 -0.007  0.908                     
d_div2      -0.180 -0.002 -0.002 -0.001 -0.001  0.002 -0.010              
d_div3      -0.161 -0.001  0.000  0.001  0.001 -0.002 -0.012  0.614       
o_div2      -0.145 -0.002 -0.002 -0.002 -0.002 -0.005  0.007 -0.691 -0.506
o_div3      -0.129 -0.001 -0.001 -0.001  0.000 -0.001  0.010 -0.495 -0.816
gm_lngth1OT -0.022 -0.001 -0.001  0.000  0.007  0.003  0.010  0.008  0.010
gm_lngth2OT -0.026 -0.002 -0.002 -0.002  0.008 -0.006  0.002  0.009  0.012
gm_lngth3OT -0.011 -0.001 -0.001 -0.001  0.002  0.034  0.033  0.000  0.001
gm_lngth4OT -0.003  0.000 -0.002 -0.002  0.000  0.013  0.012  0.002  0.001
            o_div2 o_div3 gm_1OT gm_2OT gm_3OT
year2013                                      
year2014                                      
year2015                                      
year2016                                      
filddfns_hm                                   
fildffns_hm                                   
d_div2                                        
d_div3                                        
o_div2                                        
o_div3       0.623                            
gm_lngth1OT -0.007 -0.006                     
gm_lngth2OT -0.006 -0.007  0.089              
gm_lngth3OT  0.000 -0.001  0.015  0.019       
gm_lngth4OT -0.002 -0.001  0.002  0.007  0.004
convergence code: 0
Model failed to converge with max|grad| = 0.19382 (tol = 0.001, component 1)

[1] TRUE
