BEGIN
CREATE TABLE
INSERT 0 5044
 year |  str  |  ofs  |  dfs  |  sos  |  n   
------+-------+-------+-------+-------+------
 2012 | 0.506 | 0.720 | 0.703 | 0.753 |  988
 2013 | 0.505 | 0.719 | 0.703 | 0.753 | 1005
 2014 | 0.507 | 0.720 | 0.704 | 0.754 | 1010
 2015 | 0.508 | 0.721 | 0.705 | 0.753 | 1018
 2016 | 0.507 | 0.720 | 0.704 | 0.749 | 1023
(5 rows)

 year | div |  str  |  ofs  |  dfs  |  sos  |  n  
------+-----+-------+-------+-------+-------+-----
 2012 |   1 | 0.999 | 0.998 | 1.001 | 1.005 | 322
 2012 |   2 | 0.498 | 0.713 | 0.699 | 0.748 | 240
 2012 |   3 | 0.306 | 0.565 | 0.541 | 0.608 | 426
 2013 |   1 | 1.002 | 1.000 | 1.002 | 1.007 | 323
 2013 |   2 | 0.498 | 0.710 | 0.701 | 0.748 | 250
 2013 |   3 | 0.305 | 0.566 | 0.539 | 0.608 | 432
 2014 |   1 | 1.003 | 1.003 | 1.000 | 1.007 | 328
 2014 |   2 | 0.500 | 0.709 | 0.705 | 0.749 | 252
 2014 |   3 | 0.304 | 0.565 | 0.539 | 0.606 | 430
 2015 |   1 | 1.002 | 1.003 | 0.999 | 1.006 | 332
 2015 |   2 | 0.501 | 0.709 | 0.707 | 0.750 | 253
 2015 |   3 | 0.304 | 0.565 | 0.538 | 0.605 | 433
 2016 |   1 | 0.994 | 0.996 | 0.998 | 1.000 | 332
 2016 |   2 | 0.503 | 0.713 | 0.705 | 0.745 | 256
 2016 |   3 | 0.305 | 0.566 | 0.539 | 0.602 | 435
(15 rows)

 school_id | div | year | str | ofs | dfs | sos 
-----------+-----+------+-----+-----+-----+-----
(0 rows)

COMMIT
